0.0 0.0
0.1 0.004341692651693529
0.2 0.008683385303387059
0.30000000000000004 0.013025077955080587
0.4 0.017366770606774117
0.5 0.021708463258467644
0.6000000000000001 0.026050155910161174
0.7000000000000001 0.0303918485618547
0.8 0.034733541213548234
0.9 0.039075233865241754
1.0 0.04341692651693529
1.1 0.047758619168628814
1.2000000000000002 0.051963057796659225
1.3 0.05602102363208309
1.4000000000000001 0.06007898946750696
1.5 0.06413695530293084
1.6 0.06819492113835471
1.7000000000000002 0.0722528869737786
1.8 0.07631085280920247
1.9000000000000001 0.08036881864462635
2.0 0.08442678448005021
2.1 0.08848475031547409
2.2 0.09254271615089797
2.3000000000000003 0.09660068198632184
2.4000000000000004 0.10131650232408052
2.5 0.10942754630994722
2.6 0.11753859029581393
2.7 0.1256496342816807
2.8000000000000003 0.1337606782675474
2.9000000000000004 0.14187172225341413
3.0 0.14998276623928083
3.1 0.16250126060839398
3.2 0.17502913954956567
3.3000000000000003 0.18755701849073741
3.4000000000000004 0.20016245512890737
3.5 0.22413512594540858
3.6 0.2481077967619099
3.7 0.2538372983982008
3.8000000000000003 0.2580034371358921
3.9000000000000004 0.26216957587358336
4.0 0.2663357146112747
4.1000000000000005 0.270501853348966
4.2 0.27466799208665726
4.3 0.27883413082434855
4.4 0.28300026956203983
4.5 0.28716640829973117
4.6000000000000005 0.2913325470374225
4.7 0.29549868577511373
4.800000000000001 0.2996648245128051
4.9 0.303530825930473
5.0 0.30737056798048684
5.1000000000000005 0.31121031003050076
5.2 0.31505005208051456
5.300000000000001 0.3188897941305284
5.4 0.3227295361805423
5.5 0.32656927823055615
5.6000000000000005 0.33040902028057
5.7 0.33424876233058387
5.800000000000001 0.33808850438059773
5.9 0.3419282464306116
6.0 0.3457679884806254
6.1000000000000005 0.34960773053063926
6.2 0.3622412393150815
6.300000000000001 0.37587534379097476
6.4 0.38950944826686795
6.5 0.4026159934549625
6.6000000000000005 0.413961986664507
6.7 0.42530797987405145
6.800000000000001 0.436653973083596
6.9 0.4479999662931404
7.0 0.4519861659866197
7.1000000000000005 0.4543973711486732
7.2 0.45680857631072647
7.300000000000001 0.45921978147278
7.4 0.4616309866348334
7.5 0.46404219179688677
7.6000000000000005 0.46645339695894017
7.7 0.46886460212099357
7.800000000000001 0.47127580728304697
7.9 0.47368701244510036
8.0 0.47609821760715376
8.1 0.47850942276920716
8.200000000000001 0.48092062793126056
8.3 0.48333183309331396
8.4 0.48574303825536735
8.5 0.48815424341742075
8.6 0.49056544857947415
8.700000000000001 0.49297665374152755
8.8 0.49538785890358095
8.9 0.49779906406563434
9.0 0.5004890108330183
9.1 0.506096609518951
9.200000000000001 0.5117042082048837
9.3 0.5173118068908162
9.4 0.5229194055767488
9.5 0.5285270042626814
9.600000000000001 0.534134602948614
9.700000000000001 0.5397422016345467
9.8 0.5453498003204793
9.9 0.5517377958637574
10.0 0.5619162708117805
10.100000000000001 0.5720947457598039
10.200000000000001 0.5822732207078269
10.3 0.5924516956558501
10.4 0.6086608772467563
10.5 0.642177532764918
10.600000000000001 0.6542895602779123
10.700000000000001 0.6598850557485301
10.8 0.665480551219148
10.9 0.6710760466897656
11.0 0.6766715421603834
11.100000000000001 0.6822670376310013
11.200000000000001 0.687862533101619
11.3 0.6934580285722369
11.4 0.6990535240428547
11.5 0.7094931696564668
11.600000000000001 0.720919017119708
11.700000000000001 0.7323448645829488
11.8 0.7437707120461897
11.9 0.7510399325075201
12.0 0.7533264665463258
12.100000000000001 0.7556130005851315
12.200000000000001 0.7578995346239371
12.3 0.7601860686627426
12.4 0.7624726027015483
12.5 0.7647591367403539
12.600000000000001 0.7670456707791595
12.700000000000001 0.769332204817965
12.8 0.7716187388567708
12.9 0.7739052728955762
13.0 0.7761918069343818
13.100000000000001 0.7784783409731875
13.200000000000001 0.7807648750119931
13.3 0.7830514090507987
13.4 0.7853379430896043
13.5 0.78762447712841
13.600000000000001 0.7899110111672156
13.700000000000001 0.7921975452060211
13.8 0.7944840792448267
13.9 0.7967706132836323
14.0 0.7990571473224379
14.100000000000001 0.8134769174618056
14.200000000000001 0.8364105023156385
14.3 0.8547090469339287
14.4 0.866266658231988
14.5 0.8778242695300476
14.600000000000001 0.8893818808281071
14.700000000000001 0.9005797531906057
14.8 0.9077118640824463
14.9 0.9148439749742867
15.0 0.9219760858661272
15.100000000000001 0.9291081967579679
15.200000000000001 0.9362403076498084
15.3 0.9433724185416489
15.4 0.9505045294334894
15.5 0.9576366403253299
15.600000000000001 0.9647687512171708
15.700000000000001 0.9719008621090113
15.8 0.9790329730008518
15.9 0.9861650838926923
16.0 0.9932971947845328
16.1 1.0004293056763733
16.2 1.0075614165682136
16.3 1.0146935274600544
16.400000000000002 1.021825638351895
16.5 1.0289577492437354
16.6 1.0360898601355761
16.7 1.0432219710274164
16.8 1.0503540819192572
16.900000000000002 1.0574861928110981